sp_id	stco	latitude	longitude	elevation
450140545	42003	40.5720110	-80.0287540	360.668702
450105681	42003	40.5305140	-80.2202550	352.762771
450149314	42003	40.4394250	-80.0530350	340.034730
450053857	42003	40.4567235	-79.9232768	282.019892
450149281	42003	40.4682860	-79.9628670	232.744676
450143883	42003	40.3621590	-79.8644860	350.999933
450063991	42003	40.3714129	-80.0833145	327.277119
450063600	25027	0.0000000	0.0000000	115.836224
450070062	42003	40.5150715	-80.2169774	367.019131
450114199	42003	40.3786240	-80.1109970	253.524459
450074863	42003	40.3714300	-79.8523400	289.656999
450110131	42003	40.3150950	-80.0988360	350.404117
450131157	42003	40.5783400	-80.0721850	351.976633
450064724	42019	40.7799634	-79.9371959	369.658703
450116523	42003	40.5083450	-80.1630470	319.769853
450110430	42003	40.3742500	-79.9755660	377.647334
450066852	42003	40.3273067	-79.8269821	331.670956
450056496	42003	40.4029543	-79.8381809	248.475259
450112506	42003	40.4282390	-80.0956310	329.073088
450113418	42003	40.2735440	-79.8269600	323.451333
450122585	42003	40.6116820	-79.7402530	287.391195
450074499	42003	40.5745257	-80.0087304	358.736517
450129446	42003	40.6181880	-79.7283380	303.454678
450149304	42003	40.4467920	-79.9818950	324.371102
450063200	42003	40.5388765	-80.1832888	231.983508
450049968	42003	40.5829758	-80.0793025	381.335803
450102523	42003	40.4655330	-79.9346410	308.432358
450068086	42003	40.4647184	-79.8407011	386.012818
450151583	42003	40.4746860	-79.9819370	333.687970
450074460	42003	40.4257238	-79.8809187	318.498787
450149313	42003	40.3980010	-79.9890840	362.918050
450146231	42003	40.4726460	-79.7128250	365.892459
450108728	42003	40.3245230	-80.0312310	350.266442
450140302	42003	40.3305880	-79.9698860	362.403507
450149327	42003	40.4362850	-80.0183580	358.793742
450149288	42003	40.4580150	-80.0755080	237.772384
450123912	42003	40.5173030	-79.8695270	314.711389
450149317	42003	40.4170130	-80.0204490	306.808730
450149285	42003	40.3948820	-80.0249490	377.880565
450149296	42003	40.4261970	-79.9434030	284.387077
450086848	42003	40.6104410	-80.1052650	383.853341
450113261	42003	40.4908800	-79.7806460	300.084671
450123763	42003	40.3546630	-80.0642500	369.740216
450055850	42019	40.6961745	-80.1092250	319.554248
450110212	42003	40.6388380	-80.0814740	367.808423
450137536	42003	40.3659870	-79.7839650	333.520154
450120864	42003	40.6576900	-79.9611400	388.024274
450140452	42003	40.5500460	-80.0047240	323.853932
450149633	42003	40.5082540	-79.7739950	349.968040
450113210	42003	40.3422600	-79.8561400	310.478934
450062079	42003	40.5464844	-80.2419547	328.551078
450142731	42003	40.4285230	-79.7578250	359.355068
450149282	42003	40.4673830	-79.9633830	233.603300
450149324	42003	40.4023400	-80.0099280	352.106515
450087380	42003	40.4542500	-80.1066830	342.059299
450146905	42003	40.5316610	-80.1692000	229.521212
450125389	42003	40.3117620	-80.0645080	365.362614
450063262	42007	40.6439065	-80.1700603	321.023657
450126405	42003	40.6023670	-79.7607900	254.062621
450067891	42003	40.3622782	-80.0295525	326.571320
450102516	42003	40.4171250	-80.0204060	306.826217
450051069	42003	40.3799827	-79.8888490	348.987473
450067154	42003	40.2918200	-80.0026200	297.968779
450111317	42003	40.5480260	-79.9435540	340.684686
450067740	42003	40.6262522	-80.0561964	373.777865
450086129	42003	40.4442120	-79.9966890	224.594680
450143076	42003	40.3763880	-80.0506030	359.597642
450071567	42003	40.5304765	-80.0104782	309.149318
450049316	42003	40.5978990	-79.9675864	325.817407
450142449	42003	40.5097000	-80.2228830	375.557788
450056621	42003	40.4490972	-79.7387090	361.309727
450149284	42003	40.4156470	-80.0208400	348.215079
450049493	42003	40.4071079	-79.9044810	254.455924
450149320	42003	40.4424050	-80.0403490	286.045685
450131007	42003	40.3404020	-80.0419980	378.505288
450143885	42003	40.3284680	-79.9317230	374.141445
450149255	42003	40.4043090	-79.7795720	237.248973
450149315	42003	40.4432120	-79.9567070	282.208632
450127703	42003	40.6302950	-79.9465220	375.008756
450149322	42003	40.4805380	-79.9343790	331.994192
450107376	42003	40.5303980	-80.0770700	326.990108
450065472	42003	40.5454686	-80.2371222	329.416339
450153030	42003	40.5388800	-79.9823500	320.986647
450144546	42003	40.6050040	-80.0509900	382.289982
450107860	42003	40.4048180	-79.9075750	264.413279
450068129	42003	40.4412821	-79.7717860	349.016345
450079824	42129	40.3069550	-79.3929410	302.973718
450110429	42003	40.3742500	-79.9755660	377.647334
450132246	42003	40.2966950	-79.9339610	338.644490
450074952	42003	40.4639270	-79.9421985	297.853266
450078733	42003	40.4426500	-79.9993170	224.119646
450066931	42003	40.5217565	-79.8794891	309.477803
450153449	42003	40.5263570	-80.0027090	337.757849
450050308	42003	40.4231300	-80.0694600	289.791053
450149309	42003	40.4817090	-80.0026850	358.648650
450112545	42003	40.4016020	-80.0829850	248.740209
450057373	42003	40.3441194	-80.0333898	389.111235
450144545	42003	40.5719550	-80.0313510	358.653923
450063941	42007	40.5846688	-80.2588461	356.897416
450057521	42003	40.3592345	-80.1147732	255.740695
450061148	42129	40.5689989	-79.7625580	252.555914
450073594	42003	40.4514804	-79.9301746	280.223249
450146354	42003	40.5169590	-79.8633160	290.883376
450070053	42003	40.4802857	-80.1041844	352.023329
450102513	42003	40.4298710	-79.9203550	317.827869
450139639	42003	40.6417400	-80.0938710	383.195117
450053814	42003	40.4431167	-79.9194907	334.041628
450129442	42003	40.6173420	-79.7336860	299.042770
450149323	42003	40.4451470	-79.9744620	295.763005
450107375	42003	40.5298780	-80.0758540	315.991273
450075546	42003	40.4514804	-79.9423784	269.723953
450149290	42003	40.3875890	-79.9843150	363.575385
450063645	42003	40.4489174	-79.9494021	277.775017
450112699	42003	40.5694440	-80.0354150	363.420551
450120173	42003	40.3660670	-79.7838710	334.264217
450134115	42003	40.3889600	-80.0344580	346.976478
450057650	42003	40.4059614	-79.8285159	226.734227
450142450	42003	40.5125050	-80.2153620	360.928413
450142471	42003	40.3689700	-79.9744950	374.554495
450066968	23015	0.0000000	0.0000000	340.684686
450149306	42003	40.4232320	-79.9233860	333.602414
450086565	42003	40.4125190	-79.9018690	229.725643
450075283	42003	40.5610988	-79.9732072	334.622444
450073342	42003	40.4649073	-79.9387811	300.895278
450102533	42003	40.4472120	-79.9056300	297.285793
450102522	42003	40.4458510	-79.9164050	327.968463
450057390	42003	40.4348789	-79.9249855	342.576542
450149325	42003	40.4604070	-79.9004910	278.107749
450119183	42003	40.5646800	-79.9033160	338.790397
450087379	42003	40.3456010	-79.8480600	284.429360
450119679	42003	40.3717280	-79.8475410	262.796555
450131555	42003	40.4510040	-80.1281490	367.000249
450149300	42003	40.4560340	-80.0269070	230.808132
450048655	42003	40.3611479	-79.9716010	355.451688
450067837	42003	40.3470745	-79.8181941	289.013404
450149687	42003	40.6081730	-79.9391250	339.787727
450075923	42003	40.4291750	-79.9305758	288.059104
450124148	42003	40.5864980	-80.0949580	372.671029
450149076	42003	40.6551930	-80.0107010	397.050414
450102520	42003	40.4540690	-80.0539710	269.905114
450152461	42003	40.5262830	-79.8446240	227.092520
450117492	42003	40.6455380	-79.8489540	347.188510
450066883	42003	40.3893406	-80.0284209	347.805048
450149292	42003	40.4527810	-79.8939290	278.422558
450114202	42003	40.3791230	-80.1102040	252.258864
450066900	42003	40.5438872	-80.1895225	227.965539
450102526	42003	40.4278290	-79.9791890	229.770964
450150955	42003	40.4078370	-79.7488590	361.746952
450065555	42007	40.6521226	-80.2259200	284.310669
450132432	42003	40.5231230	-79.9688670	272.958711
450129825	42003	40.4794130	-79.7076220	352.282096
450104958	42003	40.3563400	-80.0160860	386.491403
450121426	42003	40.2560850	-79.8545120	355.291784
450102518	42003	40.4510870	-80.0490110	268.235485
450134049	42003	40.5131060	-79.9179410	357.064800
450143658	42003	40.3051180	-80.0227540	357.141010
450150652	42003	40.5618120	-80.2033970	231.741020
450146674	42003	40.4561350	-79.8879630	292.429685
450149298	42003	40.4548620	-80.0054020	234.883895
450048503	42003	40.4009185	-80.0638544	343.374028
450074026	42003	40.4273067	-79.8560795	363.034885
450130127	42003	40.3752740	-80.0680710	355.924049
450068025	42003	40.5208721	-80.0291180	347.150482
450119091	42003	40.4213670	-80.2320000	314.033332
450121197	42003	40.3482360	-80.0632220	364.507587
450149347	42003	40.4938350	-79.7506330	321.246234
450050861	42003	40.3960650	-80.0289484	365.968466
450116529	42003	40.5093260	-80.1678030	281.774720
450143347	42003	40.3675440	-80.0236360	332.907339
450120055	42003	40.3449990	-79.9242530	372.577346
450121425	42003	40.2735440	-79.8269600	323.451333
450136842	42003	40.3864230	-80.0477270	368.143085
450149294	42003	40.4745470	-79.9217580	291.277590
450144841	42003	40.5237900	-80.0295700	314.594071
450107620	42003	40.3558980	-79.9797190	353.456137
450118168	42003	40.6182950	-79.8529520	351.134879
450080446	42003	40.4360550	-79.8971230	278.076217
450068185	42003	40.5327162	-79.9694840	330.278198
450075140	42003	40.3197028	-80.0801995	367.713968
450075142	42003	40.3237317	-79.9389070	313.238810
450122911	42003	40.6491340	-79.7475260	367.213562
450067630	42003	40.4008895	-80.0635655	343.630390
450139597	42003	40.6417290	-80.0935030	381.160843
450121683	42003	40.3803180	-79.9738820	359.936022
450105076	42003	40.5434390	-79.8161970	232.891962
450118169	42003	40.6173360	-79.8528680	345.732935
450102515	42003	40.4551700	-80.0085610	234.817307
450129269	42003	40.5245250	-80.0540550	367.579456
450067678	42003	40.4383754	-79.9652998	285.262471
450075532	42003	40.3341818	-79.9352835	363.805903
450150653	42003	40.5344390	-80.1800000	225.210722
450125133	42003	40.4299230	-79.7513520	373.983456
450149299	42003	40.4605040	-79.9126050	282.630538
450114904	42003	40.2938700	-79.8853670	283.875337
450149283	42003	40.4071780	-80.0363280	317.371342
450149328	42003	40.4632290	-79.9573290	276.751483
450149293	42003	40.4688050	-79.9419960	339.631875
450140263	42003	40.3457240	-79.9967570	358.645355
450149319	42003	40.4654320	-79.9897370	308.881289
450087378	42003	40.4052520	-79.9101430	253.184540
450048751	42003	40.4567770	-79.9992113	244.379135
450077069	42007	40.6974330	-80.3175900	249.608644
450149307	42003	40.4803810	-80.0396890	287.550172
450140319	42003	40.3512890	-79.8091110	357.590805
450072734	42003	40.4384762	-79.9641150	299.629437
450148310	42003	40.5653310	-80.0087090	344.285275
450144842	42003	40.5237380	-80.0296000	315.042311
450066045	42003	40.4688733	-80.1455083	343.523724
450130810	42003	40.5239870	-80.1984300	354.972331
450130062	42003	40.3884150	-79.8752060	352.836511
450059152	42125	40.3049000	-80.1286700	303.710668
450149318	42003	40.4641040	-79.9858420	241.203117
450073673	42003	40.4057049	-80.0375986	301.966406
450128232	42003	40.5646800	-79.9033160	338.790397
450066195	42003	40.5786715	-79.9584943	343.533387
450059022	42003	40.4505002	-79.9293832	284.143248
450151787	42003	40.6577230	-79.9601510	388.618790
450149311	42003	40.4665670	-79.9225860	281.569577
450078123	42003	40.4716240	-79.9595670	235.802166
450113419	42003	40.5717080	-79.9271960	353.702202
450134114	42003	40.3889430	-80.0344580	346.601470
450118762	42003	40.4231120	-79.8932710	278.932127
450109857	42003	40.5463590	-80.2399290	333.230369
450073931	42125	40.4191318	-80.4606937	399.915760
450102519	42003	40.4687700	-79.9178470	282.422544
450107374	42003	40.5396060	-80.0947640	372.333642
450126762	42003	40.3757540	-79.8247560	341.761678
450120031	42003	40.3655900	-79.7869960	349.215371
450130477	42003	40.3760650	-80.0308540	370.446863
450149303	42003	40.3697850	-79.9132940	350.606189
450102521	42003	40.4533570	-79.9340380	274.928865
450128639	42003	40.6183000	-79.7325310	298.466946
450119161	42003	40.3933980	-80.0450230	349.566246
450114903	42003	40.2938700	-79.8853670	283.875337
450122324	42003	40.4453020	-79.7720630	340.037002
450123596	42003	40.4843810	-80.1378300	333.930747
450051457	42003	40.5223546	-80.1810076	261.435460
450052042	42003	40.5413176	-79.8006240	233.085248
450124302	42003	40.4241050	-80.0434010	363.672071
450149291	42003	40.4514180	-80.0248720	229.456978
450114906	42003	40.3430870	-79.9205110	369.802155
450063652	42003	40.4368934	-79.9562999	272.323275
450069117	42003	40.2874801	-80.0255117	301.975839
450057652	42003	40.5104939	-80.0999756	249.574195
450148402	42003	40.4682660	-79.8188900	373.742955
450140462	42003	40.3437930	-79.8297420	286.968845
450107553	42003	40.3372940	-80.0956920	351.787711
450149301	42003	40.4801310	-79.9511000	243.960222
450123869	42003	40.3470640	-79.8342740	282.070433
450117895	42003	40.4856830	-80.1049840	347.366169
450071777	42003	40.3421268	-80.0529711	358.421914
450060001	42003	40.4282400	-79.7511464	366.626535
450048530	42003	40.4622813	-79.9099129	279.756552
450140339	42003	40.4775840	-80.1764210	349.430650
450120925	42003	40.5032020	-80.0768700	253.997195
450122565	42003	40.4027840	-79.8637700	254.963584
450149308	42003	40.4085160	-79.9798690	325.569801
450117894	42003	40.4856830	-80.1049840	347.366169
450149530	42003	40.3320380	-79.9543280	333.032872
450139944	42003	40.5137070	-79.9679520	334.211160
450149302	42003	40.4713980	-80.0079200	343.338657
450139510	42003	40.3668990	-80.0540340	361.419340
450102517	42003	40.3890050	-80.0076370	368.239854
450114200	42003	40.3975960	-80.0770320	303.288425
450125125	42003	40.4458360	-79.7637660	344.996807
450051758	42003	40.4470190	-79.9468695	276.698060
450054780	42019	40.6760939	-79.7186497	359.005904
450151473	42003	40.4828940	-79.7763760	330.783413
450131504	42003	40.5005100	-80.1751270	341.977640
450119335	42003	40.4303850	-79.7538050	369.317719
450131159	42003	40.4446350	-80.0670470	277.646788
450102525	42003	40.4889820	-80.0179370	356.055153
450102514	42003	40.4551700	-80.0085610	234.817307
450064971	42003	40.4475445	-79.9039016	298.551956
450123853	42003	40.3635530	-80.0386280	371.694599
450069881	42003	40.3408818	-80.0162937	358.933817
450149305	42003	40.4488010	-79.9615810	331.772794
450076205	42003	40.3993180	-79.9681290	369.719371
450086847	42007	40.6323990	-80.4466000	238.029390
450068532	42003	40.4373161	-79.9248057	332.356388
450149316	42003	40.4023440	-80.0100730	351.427013
450115697	42003	40.5443130	-79.7842100	274.935830
450049606	42003	40.4058848	-79.9105244	243.704770
450137243	42003	40.4826320	-79.8147390	381.096209
450128119	42003	40.3514000	-80.0027970	370.488439
450149287	42003	40.3912030	-79.9885080	374.274728
450148185	42003	40.3819570	-79.9513550	348.451045
450116853	42003	40.4308430	-80.0669920	283.769987
450061742	42125	40.1405469	-79.8976871	233.184165
450122618	42003	40.5447280	-79.9028940	368.848123
450107290	42003	40.5004920	-80.0663260	293.329805
450087376	42003	40.4138210	-79.8512370	303.985815
450109050	42003	40.3245390	-80.0540960	343.013149
450130324	42003	40.5740270	-80.0007760	343.517337
450067304	25025	0.0000000	0.0000000	229.456978
450125584	42003	40.3025900	-79.9621590	362.514922
450108546	42003	40.4946490	-80.0537830	299.070477
450132244	42003	40.3815510	-80.0603850	359.019620
450075441	42003	40.5731227	-79.9280972	349.615611
450125411	42003	40.3403900	-79.8414010	318.536135
450123538	42003	40.4820040	-79.8272160	347.859890
450051478	42003	40.4429206	-79.9275862	319.582325
450127690	42003	40.5897770	-79.9453880	366.643690
450126895	42003	40.3122100	-79.8029750	309.502777
450050811	42003	40.4441327	-79.9970843	224.046657
450087377	42003	40.4092210	-79.8156670	289.900509
450065015	42007	40.5497219	-80.4570626	381.631402
450062389	42003	40.3754877	-80.0231915	340.040591
450102524	42003	40.4648430	-80.0241240	276.602559
450147621	42003	40.3819690	-79.9051200	341.827027
450074971	42003	40.3683000	-79.8944900	311.605158
450140459	42003	40.4134650	-80.1968430	283.441080
450149326	42003	40.4321660	-80.0494260	363.900718
450148400	42003	40.4589800	-79.8264290	375.467136
450120959	42003	40.5478070	-80.1908280	220.452384
450114201	42003	40.3786240	-80.1109970	253.524459
450149312	42003	40.4023470	-80.0101700	351.061650
450054421	42003	40.5303737	-80.0034868	336.275640
450124226	42003	40.3895520	-79.8997850	321.173541
450127687	42003	40.5812300	-79.9429320	360.880299
450061876	42003	40.5352793	-80.1862835	221.424296
450109054	42003	40.3330600	-80.0432290	335.181032
450149289	42003	40.4333390	-79.9145420	337.314906
450132404	42003	40.3819490	-80.0604850	360.918733
450102528	42003	40.4562530	-79.9928570	229.090689
450075285	42003	40.4437283	-79.9598972	306.805343
450143094	42003	40.2920930	-79.8109480	327.974796
450071848	42003	40.5595070	-79.9635035	257.097109
450149321	42003	40.4561350	-79.8879630	292.429685
450061845	42003	40.5192212	-79.9517832	242.586347
450133109	42003	40.4378700	-79.8750170	293.864547
450064228	42003	40.5031757	-80.1576510	328.176760
450120583	42003	40.6226540	-79.8582940	355.027137
450065061	42003	40.4384688	-80.0020353	224.021545
450072702	42003	40.4431167	-80.1544835	352.487097
450102527	42003	40.4573470	-79.9195670	281.509600
450140874	42003	40.3775150	-80.0459590	373.618834
450074842	42003	40.5545517	-80.0212490	351.454879
450145318	42003	40.5007140	-80.0619790	275.065225
450142414	42003	40.4676850	-80.1150750	298.344932
450131156	42003	40.5819570	-80.0524250	359.493103
450073701	42003	40.3898949	-80.0906946	255.569206
450149310	42003	40.4573470	-79.9195670	281.509600
450149295	42003	40.4242660	-79.9934100	364.417140
450149286	42003	40.4449620	-79.9988820	223.189117
450133777	42003	40.4411310	-79.8912550	270.928352
450149280	42003	40.4155490	-79.9720540	340.700814
450084476	42003	40.4555450	-80.0234860	232.500501
450149297	42003	40.4550830	-79.8996350	275.256963
450055120	42003	40.4985400	-80.0617700	294.297134
451000209	42003	40.4186592	-79.8881988	317.601540
451000749	42003	40.5095100	-80.0292282	317.601540
451000780	42003	40.4589615	-79.8702011	317.601540
451001010	42003	40.5150757	-79.8774262	317.601540
451001033	42003	40.5889091	-79.8264694	317.601540
451001633	42003	40.4505615	-80.0139008	317.601540
451001635	42003	40.4399109	-80.0001221	317.601540
451001636	42003	40.4567986	-79.9992676	317.601540
451001637	42003	40.4323616	-79.8652573	317.601540
451001638	42003	40.4135094	-79.9086914	317.601540
451001675	42003	40.4390106	-80.0013123	317.601540
451001676	42003	40.6566391	-80.0827713	317.601540
451001900	42003	40.5194702	-80.0024490	317.601540
451002431	42003	40.5756493	-79.8893204	317.601540
451002660	42003	40.4607391	-79.9381867	317.601540
451002687	42003	40.3163300	-79.8074036	317.601540
451002752	42003	40.4929810	-79.9036865	317.601540
451002968	42003	40.5010605	-80.0661468	317.601540
451002990	42003	40.6435013	-80.0540619	317.601540
451003211	42003	40.3810883	-79.9504013	317.601540
451003253	42003	40.4675598	-79.8087769	317.601540
451003256	42003	40.3750191	-79.8480606	317.601540
451003556	42003	40.4244690	-79.8875885	317.601540
451003622	42003	40.4146385	-80.0205612	317.601540
451003826	42003	40.5336990	-80.0019684	317.601540
451004028	42003	40.3663483	-80.0478668	317.601540
451004173	42003	40.4615288	-79.9248810	317.601540
451004562	42003	40.4113808	-79.8791885	317.601540
451004918	42003	40.4508400	-80.1157074	317.601540
451004919	42003	40.3500633	-79.8491821	317.601540
451005111	42003	40.3830605	-79.9552689	317.601540
451005278	42003	40.4552994	-79.7132263	317.601540
451005515	42003	40.4319115	-79.9588165	317.601540
451006795	42003	40.4457207	-79.9918976	317.601540
451007705	42003	40.4575806	-80.0759277	317.601540
451007706	42003	40.3491097	-80.1058502	317.601540
451007805	42003	40.2921600	-79.8871002	317.601540
451008001	42003	40.4036865	-79.8308334	317.601540
451008009	42003	40.3983307	-80.0355072	317.601540
451008017	42003	40.4371414	-80.0010986	317.601540
451008500	42003	40.4589882	-79.8437576	317.601540
451009194	42003	40.3870010	-79.9619293	317.601540
451009314	42003	40.4430504	-79.9268570	317.601540
451009367	42003	40.2943916	-79.8861237	317.601540
451009533	42003	40.4494705	-79.8093414	317.601540
451009691	42003	40.4331513	-79.9156265	317.601540
451009708	42003	40.5813904	-80.0370483	317.601540
451009709	42003	40.3288803	-80.0654068	317.601540
451009742	42003	40.4015198	-80.0419769	317.601540
451009949	42003	40.2946892	-79.8769302	317.601540
451010021	42003	40.4333382	-79.9613037	317.601540
451010022	42003	40.4432983	-79.9809723	317.601540
451010275	42003	40.5092316	-80.1682205	317.601540
451011937	42003	40.4002685	-79.8924484	317.601540
451012143	42003	40.3502502	-79.8631287	317.601540
451012150	42003	40.4211388	-80.2315979	317.601540
451012170	42003	40.3925095	-80.0102310	317.601540
451012347	42003	40.4724884	-80.0739670	317.601540
451012356	42003	40.5648994	-79.9885330	317.601540
451012988	42003	40.5307808	-80.0033188	317.601540
451012989	42003	40.5593681	-80.1056366	317.601540
451013762	42003	40.6625290	-80.0327683	317.601540
451014059	42003	40.5467491	-79.8992920	317.601540
451014240	42003	40.4596100	-79.9248962	317.601540
451014684	42003	40.4527397	-79.9633484	317.601540
451014893	42003	40.4452286	-80.1019134	317.601540
451014913	42003	40.4580002	-79.9174805	317.601540
451014920	42003	40.4515800	-79.7523117	317.601540
451015203	42003	40.4224205	-79.8861923	317.601540
451015213	42003	40.4237595	-80.0426331	317.601540
451015382	42003	40.4749489	-79.9220123	317.601540
451015957	42003	40.4280891	-79.7991104	317.601540
451015984	42003	40.3009682	-79.9603729	317.601540
451016107	42003	40.5358315	-80.0354996	317.601540
451016784	42003	40.4042397	-79.8621674	317.601540
451016855	42003	40.3747902	-79.8254776	317.601540
451016879	42003	40.4261513	-79.9451370	317.601540
451017232	42003	40.6129799	-80.0544815	317.601540
451017261	42003	40.4479408	-79.8959579	317.601540
451017262	42003	40.3221016	-80.0470734	317.601540
451017939	42003	40.4042282	-80.0286331	317.601540
451018365	42003	40.4403801	-80.2282105	317.601540
451018677	42003	40.6177597	-79.7275238	317.601540
451018777	42003	40.5042992	-79.8364410	317.601540
451018923	42003	40.3590508	-80.1153336	317.601540
451019115	42003	40.4015503	-79.9031601	317.601540
451019181	42003	40.3737602	-80.0687485	317.601540
451019220	42003	40.6353684	-80.0604019	317.601540
451019301	42003	40.5747490	-80.0000610	317.601540
451019861	42003	40.5823708	-80.0533524	317.601540
451019862	42003	40.4440918	-80.0675507	317.601540
451020074	42003	40.4319916	-79.9277725	317.601540
451020157	42003	40.4498596	-80.1276779	317.601540
451021614	42003	40.4402199	-79.8901901	317.601540
451021695	42003	40.4503593	-79.9292831	317.601540
451021719	42003	40.5130691	-79.9185104	317.601540
451021954	42003	40.4160614	-79.8841171	317.601540
451022831	42003	40.4186592	-79.8881988	317.601540
451022832	42003	40.3714294	-79.8476791	317.601540
451022833	42003	40.4068184	-79.9127884	317.601540
451023212	42003	40.5419807	-79.7721100	317.601540
451024046	42003	40.4805489	-80.0414963	317.601540
451024433	42003	40.5393105	-80.1822205	317.601540
451024613	42003	40.4700203	-79.8962021	317.601540
451024686	42003	40.4085999	-79.9056778	317.601540
451024804	42003	40.4705200	-79.8066101	317.601540
451024819	42003	40.6164589	-79.9215012	317.601540
451025072	42003	40.3864288	-80.0477905	317.601540
451025496	42003	40.4015503	-79.9031601	317.601540
451025587	42003	40.4540291	-80.0599976	317.601540
451025979	42003	40.5430603	-80.0288696	317.601540
451026617	42003	40.5095100	-80.0292282	317.601540
451026739	42003	40.3304291	-79.8163300	317.601540
451026941	42003	40.4221115	-79.8638229	317.601540
451026969	42003	40.4479713	-79.7815933	317.601540
451027291	42003	40.4025993	-79.9063568	317.601540
451027506	42003	40.4413605	-79.9948502	317.601540
451027511	42003	40.3753090	-80.0310593	317.601540
451027664	42003	40.4564400	-80.0265122	317.601540
451027704	42003	40.3221817	-79.8476486	317.601540
451027938	42003	40.3669586	-80.0555191	317.601540
451028085	42003	40.4062118	-80.0338135	317.601540
451028170	42003	40.4303284	-79.7394714	317.601540
451028383	42003	40.5500793	-80.0046921	317.601540
451028384	42003	40.4157410	-80.1943436	317.601540
451028765	42003	40.4577904	-80.0295563	317.601540
451028961	42003	40.3700714	-79.9147263	317.601540
451029009	42003	40.4318085	-79.8936768	317.601540
451029517	42003	40.3237381	-79.9389801	317.601540
451029570	42003	40.4570198	-79.8235931	317.601540
451029571	42003	40.4364319	-79.9566498	317.601540
451029680	42003	40.3234596	-80.0832901	317.601540
451029828	42003	40.3687782	-79.9742889	317.601540
451029957	42003	40.2716217	-79.8870163	317.601540
451030048	42003	40.5535507	-80.1034698	317.601540
451030065	42003	40.4242592	-80.0109024	317.601540
451030363	42003	40.4068413	-79.9087296	317.601540
451030371	42003	40.4123993	-80.0455170	317.601540
451030523	42003	40.3674583	-80.0242996	317.601540
451031890	42003	40.3778191	-80.0462265	317.601540
451031891	42003	40.3806190	-79.8880386	317.601540
451031946	42003	40.5168495	-79.8644867	317.601540
451032822	42003	40.4516487	-79.8863068	317.601540
451033384	42003	40.4640808	-79.9374924	317.601540
451033446	42003	40.4431381	-79.7736511	317.601540
451033620	42003	40.3633347	-79.8666687	317.601540
451033777	42003	40.6326904	-79.9382782	317.601540
451033950	42003	40.5132446	-80.1896896	317.601540
451034041	42003	40.4280891	-79.7991104	317.601540
451034116	42003	40.6083183	-79.9394226	317.601540
451034331	42003	40.5268288	-79.8934479	317.601540
451034831	42003	40.4093590	-79.8152389	317.601540
451034861	42003	40.4636383	-80.0184326	317.601540
451035358	42003	40.4382400	-79.9210968	317.601540
451035583	42003	40.2810287	-79.9591827	317.601540
451035677	42003	40.4839783	-79.7753830	317.601540
451035753	42003	40.4755783	-79.9811401	317.601540
451035759	42003	40.4427910	-79.7126770	317.601540
451035767	42003	40.3860588	-79.8199081	317.601540
451036410	42003	40.4010887	-79.9857330	317.601540
451036674	42003	40.4412918	-79.9379425	317.601540
451036688	42003	40.3101311	-80.0664291	317.601540
451036781	42003	40.4661408	-79.9329071	317.601540
451037222	42003	40.4213600	-79.8536301	317.601540
451038154	42003	40.4760818	-79.9199982	317.601540
451038194	42003	40.2885895	-79.8990097	317.601540
451038684	42003	40.4023514	-80.0095367	317.601540
451038750	42003	40.3002815	-79.9886475	317.601540
451038768	42003	40.4293518	-79.9802017	317.601540
451039182	42003	40.4524307	-79.9671936	317.601540
451039607	42003	40.4294090	-79.9870987	317.601540
451039706	42003	40.5194702	-80.0024490	317.601540
451039788	42003	40.4008903	-80.0635681	317.601540
451039854	42003	40.3753891	-80.0236206	317.601540
451040132	42003	40.6324616	-80.0100479	317.601540
451040145	42003	40.4029083	-80.0897827	317.601540
451040231	42003	40.6324616	-80.0100479	317.601540
451040410	42003	40.4298096	-79.8453903	317.601540
451040651	42003	40.5236397	-79.7696610	317.601540
451040659	42003	40.4801292	-79.9335632	317.601540
451040725	42003	40.3801498	-80.0288925	317.601540
451040956	42003	40.4042397	-79.8695526	317.601540
451041236	42003	40.6026382	-79.7513428	317.601540
451041401	42003	40.4768982	-80.0318070	317.601540
451041470	42003	40.3784294	-80.0954590	317.601540
451041471	42003	40.4561386	-79.7123032	317.601540
451041565	42003	40.5209503	-79.8329010	317.601540
451041648	42003	40.4425011	-80.0399628	317.601540
451041684	42003	40.4453697	-79.7654266	317.601540
451041836	42003	40.4429588	-79.9195175	317.601540
451042337	42003	40.3956299	-80.0886993	317.601540
451042359	42003	40.4897308	-79.9834137	317.601540
451042378	42003	40.4578209	-79.9285202	317.601540
451042480	42003	40.4360504	-79.7578125	317.601540
451043008	42003	40.4756813	-79.9240494	317.601540
451043430	42003	40.4271889	-79.8560486	317.601540
451043949	42003	40.4254417	-79.8808594	317.601540
451044112	42003	40.5391617	-80.1810684	317.601540
451044120	42003	40.5408096	-79.8075485	317.601540
451044270	42003	40.5892029	-80.0454025	317.601540
451044557	42003	40.4639511	-79.9422913	317.601540
451044996	42003	40.3815804	-79.9057465	317.601540
451045010	42003	40.3887100	-80.0422211	317.601540
451045256	42003	40.4492111	-79.9537888	317.601540
451045471	42003	40.4357681	-80.0194168	317.601540
451045612	42003	40.2986412	-80.0439224	317.601540
451046300	42003	40.5638008	-79.9987869	317.601540
451072964	42003	40.3600130	-80.1127983	317.601540
451072965	42003	40.3600130	-80.1127983	317.601540
451072967	42003	40.5890614	-79.8194099	317.601540
451072968	42003	40.2940234	-79.8790196	317.601540
451072969	42003	40.3091419	-79.8951453	317.601540
451072970	42003	40.2892066	-79.8843854	317.601540
451072971	42003	40.2933910	-79.8875122	317.601540
451072972	42003	40.5817299	-79.7792587	317.601540
451072973	42003	40.3780010	-79.8133694	317.601540
451072974	42003	40.2798779	-79.8361568	317.601540
451072975	42003	40.6575114	-79.9579358	317.601540
451072976	42003	40.6249227	-79.9420466	317.601540
451072981	42003	40.6142506	-79.7218069	317.601540
451072982	42003	40.6469493	-79.7488404	317.601540
451072983	42003	40.6275921	-79.7202750	317.601540
451072989	42003	40.6022695	-79.7607533	317.601540
451072991	42003	40.6217859	-80.0495743	317.601540
451072992	42003	40.5814725	-80.0036693	317.601540
451072993	42003	40.5814725	-80.0036693	317.601540
451072994	42003	40.3246915	-80.0312470	317.601540
451072995	42003	40.3365702	-80.0244994	317.601540
451072996	42003	40.3365702	-80.0244994	317.601540
451072997	42003	40.4060793	-79.8463607	317.601540
451072998	42003	40.4128800	-79.8765581	317.601540
451072999	42003	40.3972024	-80.0963702	317.601540
451073000	42003	40.5219791	-80.1841840	317.601540
451073001	42003	40.4985767	-80.1746482	317.601540
451073002	42003	40.5467433	-80.2422431	317.601540
451073003	42003	40.5392612	-80.2374415	317.601540
451073004	42003	40.3716867	-79.8475979	317.601540
451073005	42003	40.4016385	-79.9037796	317.601540
451073006	42003	40.4044423	-79.9127950	317.601540
451073007	42003	40.4100366	-79.9029531	317.601540
451073008	42003	40.3908612	-79.8824336	317.601540
451073009	42003	40.3478066	-79.9316395	317.601540
451073010	42003	40.3858985	-79.8931693	317.601540
451073011	42003	40.3459956	-79.8174223	317.601540
451073012	42003	40.3426386	-79.8533396	317.601540
451073013	42003	40.3510500	-79.8648977	317.601540
451073014	42003	40.3484448	-79.8780767	317.601540
451073015	42003	40.4803935	-80.0895750	317.601540
451073016	42003	40.4676996	-80.0672131	317.601540
451073017	42003	40.4656113	-80.0620339	317.601540
451073018	42003	40.3955211	-79.8210143	317.601540
451073019	42003	40.5222706	-79.8420692	317.601540
451073020	42003	40.4052656	-79.7754754	317.601540
451073021	42003	40.5478179	-80.1908626	317.601540
451073023	42003	40.5435818	-80.1899440	317.601540
451073024	42003	40.4052179	-79.8292359	317.601540
451073025	42003	40.4520715	-79.7541084	317.601540
451073026	42003	40.4299213	-79.7513130	317.601540
451073027	42003	40.4501249	-79.7342298	317.601540
451073028	42003	40.4846150	-79.8164509	317.601540
451073029	42003	40.4686174	-79.8658977	317.601540
451073030	42003	40.5031954	-80.0551967	317.601540
451073031	42003	40.4990156	-80.0627298	317.601540
451073032	42003	40.4533605	-80.0533659	317.601540
451073033	42003	40.4538973	-80.0600567	317.601540
451073034	42003	40.4567866	-80.0506223	317.601540
451073035	42003	40.4504723	-80.1163532	317.601540
451073036	42003	40.4391580	-80.0535195	317.601540
451073037	42003	40.4619728	-79.9262113	317.601540
451073038	42003	40.4571069	-79.9223267	317.601540
451073039	42003	40.4596467	-79.9262177	317.601540
451073040	42003	40.4683626	-79.9189194	317.601540
451073041	42003	40.4661769	-79.8899991	317.601540
451073042	42003	40.4687434	-79.9177849	317.601540
451073043	42003	40.4531649	-79.9191218	317.601540
451073044	42003	40.4629103	-79.9360111	317.601540
451073045	42003	40.4614416	-79.8944735	317.601540
451073046	42003	40.4803779	-79.9769184	317.601540
451073047	42003	40.4181663	-79.9973498	317.601540
451073048	42003	40.4179018	-79.9632238	317.601540
451073049	42003	40.4181195	-79.9907704	317.601540
451073050	42003	40.4707647	-80.0259530	317.601540
451073051	42003	40.4631043	-80.0258915	317.601540
451073052	42003	40.4807334	-80.0345346	317.601540
451073053	42003	40.4656281	-79.9887468	317.601540
451073054	42003	40.4542052	-79.9440830	317.601540
451073055	42003	40.4376883	-79.9728167	317.601540
451073056	42003	40.4677459	-80.0097972	317.601540
451073057	42003	40.4929733	-79.9036255	317.601540
451073058	42003	40.4170963	-80.0210192	317.601540
451073059	42003	40.4381070	-79.9212063	317.601540
451073060	42003	40.4283010	-79.9182371	317.601540
451073061	42003	40.4345146	-79.9251269	317.601540
451073062	42003	40.4253404	-79.9149713	317.601540
451073063	42003	40.4152545	-79.8757573	317.601540
451073064	42003	40.4504872	-79.9577209	317.601540
451073065	42003	40.4469479	-79.9815129	317.601540
451073066	42003	40.4371147	-80.0347247	317.601540
451073067	42003	40.4371147	-80.0347247	317.601540
451073068	42003	40.4409549	-79.8852795	317.601540
451073069	42003	40.4142319	-79.8498595	317.601540
451073070	42003	40.4387345	-79.8785780	317.601540
451073071	42003	40.4457975	-79.8685179	317.601540
451073072	42003	40.4455189	-79.8843762	317.601540
451073073	42003	40.4441470	-79.8830877	317.601540
451073074	42003	40.4645354	-79.9380338	317.601540
451073075	42003	40.4615033	-79.9479093	317.601540
451073076	42003	40.3935023	-79.9738611	317.601540
451073077	42003	40.3871233	-79.9624630	317.601540
451073078	42003	40.3694305	-79.9825058	317.601540
451073079	42003	40.3763950	-80.0313473	317.601540
451073080	42003	40.3795618	-80.0450296	317.601540
451073081	42003	40.5245251	-80.0540363	317.601540
451073082	42003	40.5093117	-80.0290680	317.601540
451073083	42003	40.4538719	-79.9342219	317.601540
451073084	42003	40.4501484	-79.9310404	317.601540
451073085	42003	40.3838575	-79.9946604	317.601540
451073086	42003	40.3623118	-80.0294879	317.601540
451073087	42003	40.4465591	-79.8482908	317.601540
451073088	42003	40.4819602	-79.8282673	317.601540
451073089	42003	40.4757316	-79.7899041	317.601540
451073090	42003	40.4632309	-79.8562588	317.601540
451073091	42003	40.4540251	-79.8404046	317.601540
451073092	42003	40.4616030	-79.8411116	317.601540
451073093	42003	40.3512089	-80.0115669	317.601540
451073094	42003	40.3362759	-79.9718300	317.601540
451073095	42003	40.5712536	-80.0736828	317.601540
451073096	42003	40.5452423	-80.0330124	317.601540
451073097	42003	40.5526730	-80.0379939	317.601540
451073098	42003	40.5719998	-80.0288501	317.601540
451073099	42003	40.5692941	-80.0367955	317.601540
451073100	42003	40.5557131	-80.0390336	317.601540
451073101	42003	40.5651656	-80.0087618	317.601540
451073102	42003	40.5514378	-80.0472905	317.601540
451073103	42003	40.5128835	-79.8577264	317.601540
451073104	42003	40.4808967	-79.7580122	317.601540
451073105	42003	40.4514504	-79.7291870	317.601540
451073106	42003	40.4942182	-79.7580388	317.601540
451073107	42003	40.4744711	-79.7146627	317.601540
451073108	42003	40.3205057	-80.1141560	317.601540
451073109	42003	40.3791782	-80.0580086	317.601540
451073110	42003	40.3815126	-80.0603904	317.601540
451073111	42003	40.3815126	-80.0603904	317.601540
451073181	42003	40.4634191	-79.7036865	317.601540
451073224	42003	40.6721792	-80.0987334	317.601540
