sp_id	gq_type	stcotrbg	persons	latitude	longitude	elevation
450003399	C	420030103002	3256	40.4374960	-79.9930460	252.053328
450003400	C	420030201001	478	40.4375210	-79.9994520	229.576815
450003401	C	420030201001	479	40.4385256	-80.0014617	224.348308
450003402	C	420039822001	4475	40.4445020	-79.9546920	278.178550
450003403	C	420030809001	55	40.4623320	-79.9455000	292.170237
450003404	C	420031401003	527	40.4446160	-79.9429140	285.324763
450003405	C	420031402001	258	40.4484320	-79.9260830	319.583312
450003406	C	420032602002	13	40.4844085	-80.0158246	361.956965
450003523	C	420030402002	1177	40.4398510	-79.9639267	315.453864
450003904	C	420031113004	30	40.4671900	-79.9209000	282.882242
450003905	C	420034135004	354	40.5697773	-80.0119770	339.186539
450003906	C	420034511023	1157	40.5210883	-80.2117850	359.834498
450004554	C	420035620003	70	40.4481874	-79.9558045	298.985209
450004555	C	420030404002	313	40.4482650	-79.9499687	280.813777
450004556	C	420030405001	506	40.4406805	-79.9542332	269.235578
450004557	C	420030405002	230	40.4382299	-79.9582160	273.852776
450004558	C	420035620001	12	40.4509240	-79.9510070	278.880613
450004559	C	420030510002	799	40.4459973	-79.9651192	338.553197
450004560	C	420030706002	3	40.4519412	-79.9274584	278.748350
450004561	C	420030709003	130	40.4489296	-79.9431349	275.068720
450004562	C	420030709004	165	40.4525514	-79.9436227	275.118582
450004563	C	420030809002	2	40.4636514	-79.9429628	296.241487
450004564	C	420031102004	8	40.4725674	-79.9227477	289.058279
450004565	C	420039818001	201	40.4805727	-79.9021492	310.522362
450004566	C	420031401001	145	40.4442956	-79.9352599	321.529613
450004567	C	420031401002	743	40.4398595	-79.9313398	320.311523
450004568	C	420031401004	1508	40.4461764	-79.9428625	283.883291
450004569	C	420031406002	6	40.4448737	-79.8972215	299.096891
450004570	C	420031609001	101	40.4295582	-79.9689512	226.766274
450004571	C	420035628001	25	40.4199028	-80.0709880	280.777903
450004572	C	420034511012	41	40.5292868	-80.2132449	324.204462
450004573	C	420034511052	4	40.5080068	-80.2297330	341.939556
450004574	C	420035030022	190	40.3488690	-79.8247178	321.791290
450004575	C	420035215002	8	40.4476082	-79.7424446	330.018484
450008429	P	420030103001	2340	40.4345346	-79.9934768	223.959927
450008430	P	420039809001	1795	40.4705920	-80.0412735	220.748920
450010317	P	420030409001	24	40.4367686	-79.9704390	255.033948
450010318	P	420030409001	23	40.4384664	-79.9624948	284.666182
450021803	P	420030103001	254	40.4341506	-79.9847430	218.142727
450021804	P	420030501003	2	40.4459724	-79.9776953	308.791512
450021805	P	420030709001	30	40.4544392	-79.9379456	274.746673
450021806	P	420030807001	6	40.4627928	-79.9335930	290.990666
450021807	P	420030807001	20	40.4627928	-79.9335930	290.990666
450021808	P	420030807002	10	40.4592965	-79.9351049	277.587767
450021809	P	420031102004	5	40.4725674	-79.9227477	289.058279
450021810	P	420035619001	75	40.4740878	-79.8963098	312.487845
450021811	P	420035619001	18	40.4740878	-79.8963098	312.487845
450021812	P	420031807003	10	40.4228314	-80.0010209	335.253069
450021813	P	420035627002	3	40.4527421	-80.0067308	235.029273
450021814	P	420035627002	15	40.4527421	-80.0067308	235.029273
450021815	P	420032503001	2	40.4584905	-80.0120067	251.223865
450021816	P	420032507001	8	40.4599421	-80.0218658	247.487515
450021817	P	420032614004	1	40.4687671	-80.0062115	364.953253
450021818	P	420032614004	4	40.4687671	-80.0062115	364.953253
450021819	P	420032615002	12	40.4699239	-80.0194198	331.875149
450021820	P	420032615002	5	40.4699239	-80.0194198	331.875149
450021821	P	420032701001	6	40.4845890	-80.0396192	280.111014
450021822	P	420032701002	9	40.4823978	-80.0463600	295.015909
450021823	P	420039809001	2	40.4665415	-80.0419473	216.365078
450021824	P	420032904002	9	40.3877404	-79.9814709	375.746908
450021825	P	420034070023	22	40.6167313	-79.8837981	319.487480
450021826	P	420034070023	13	40.6167313	-79.8837981	319.487480
450021827	P	420034350002	53	40.5092712	-80.0979731	254.130289
450021828	P	420034350002	15	40.5092712	-80.0979731	254.130289
450021829	P	420034370002	5	40.5521550	-80.1072714	374.757469
450021830	P	420034370002	3	40.5521550	-80.1072714	374.757469
450021831	P	420034513001	5	40.4730196	-80.1913585	345.273980
450021832	P	420034571002	28	40.3592371	-80.1123526	258.205967
450021833	P	420034592013	45	40.4407560	-80.1351320	356.837924
450021834	P	420034592013	49	40.4407560	-80.1351320	356.837924
450021835	P	420034732002	7	40.3823781	-80.0481498	363.848086
450021836	P	420034734022	7	40.3669468	-80.0380440	357.317525
450021837	P	420034868001	1	40.3705674	-79.8485042	276.364938
450021838	P	420034900023	1	40.3021900	-80.0064183	334.865383
450021839	P	420034900023	19	40.3021900	-80.0064183	334.865383
450021840	P	420035138002	106	40.4026285	-79.8670433	236.808240
450021841	P	420035138002	1	40.4026285	-79.8670433	236.808240
450021842	P	420035235011	1	40.4725153	-79.8038189	347.995024
450021843	P	420035262022	10	40.4671388	-79.7464975	364.513206
450021844	P	420035512002	55	40.3541674	-79.8298235	285.520930
450021845	P	420035512002	13	40.3541674	-79.8298235	285.520930
450021846	P	420035604002	3	40.4417228	-79.8905826	273.411119
450021847	P	420035604002	10	40.4417228	-79.8905826	273.411119
450021848	P	420035610001	2	40.4391171	-79.8775561	292.287896
450021849	P	420035610001	10	40.4391171	-79.8775561	292.287896
450030391	N	420030902003	29	40.4666752	-79.9579546	265.758383
450030392	N	420031413003	149	40.4337400	-79.9275175	333.342003
450030393	N	420031414004	64	40.4139913	-79.9215421	269.475754
450030394	N	420035623002	98	40.4087606	-79.9282790	347.330250
450030395	N	420032614004	40	40.4676984	-80.0098552	341.832271
450030396	N	420032708001	47	40.4877913	-80.0337602	326.047200
450030397	N	420033204001	87	40.3838510	-79.9947830	289.475694
450030398	N	420034293001	113	40.5480700	-80.0481100	354.887508
450030399	N	420034296001	58	40.5060465	-80.0514385	356.257427
450030400	N	420035638002	44	40.5287560	-80.1435690	352.237417
450030401	N	420034560042	53	40.3275715	-80.1369428	322.926755
450030402	N	420034560042	52	40.3269858	-80.1372175	328.830499
450030403	N	420034705022	170	40.3980171	-80.0656872	335.126577
450030404	N	420034733004	42	40.3720190	-80.0334260	340.236541
450030405	N	420034733004	42	40.3719340	-80.0333700	340.469618
450030406	N	420034733004	42	40.3720190	-80.0334260	340.236541
450030407	N	420034733004	36	40.3720190	-80.0334260	340.236541
450030408	N	420034751014	66	40.3428635	-80.0529540	360.914269
450030409	N	420034772004	139	40.3622741	-80.0003762	327.406268
450030410	N	420034900042	85	40.2897500	-79.9741968	313.162256
450030411	N	420035512002	62	40.3511783	-79.8299645	260.118115
450030412	N	420035041002	17	40.3873590	-79.8281948	321.808136
450030413	N	420035213023	6	40.4328095	-79.7811526	349.684129
450030414	N	420035214011	84	40.4343470	-79.7479457	350.588357
450030415	N	420035252001	36	40.5210935	-79.8476933	228.710237
450030416	N	420035261021	60	40.5000142	-79.7303411	374.219147
450030417	N	420035519002	6	40.3497397	-79.8677211	228.973113
450036279	N	420030902003	29	40.4666752	-79.9579546	265.758383
450036280	N	420039818001	200	40.4784909	-79.9021995	305.037989
450036281	N	420031413001	63	40.4359868	-79.9235655	336.967535
450036282	N	420031413003	146	40.4316013	-79.9239718	325.242241
450036283	N	420031919003	24	40.3960996	-80.0285726	365.560197
450036284	N	420032602002	13	40.4839293	-80.0153740	355.084641
450036285	N	420034020001	90	40.6138934	-79.7420350	291.423216
450036286	N	420034131003	180	40.5874278	-80.0434595	306.189466
450036287	N	420034150011	55	40.5961435	-79.8724790	296.901277
450036288	N	420034292012	219	40.5500720	-80.0173830	347.335034
450036289	N	420034560042	52	40.3280876	-80.1365545	319.891257
450036290	N	420034560042	52	40.3278837	-80.1367139	319.335442
450036291	N	420034735003	50	40.3597963	-80.0604569	300.104485
450036292	N	420034753043	41	40.2914369	-80.0421241	333.029321
450036293	N	420034846002	25	40.3939634	-79.8999984	322.512449
450036294	N	420034890012	108	40.3298162	-79.9374025	332.187613
450036295	N	420034912001	11	40.3227526	-79.9292339	344.619642
450036296	N	420035041002	16	40.3953477	-79.8293190	260.066481
450036297	N	420035094001	57	40.4130408	-79.8208528	273.697891
450036298	N	420035252001	35	40.5177566	-79.8475067	230.003939
450036299	N	420035509001	17	40.3456130	-79.8473787	288.422526
450036300	N	420035519002	5	40.3502300	-79.8595435	251.640034
450036301	N	420035519002	3	40.3521033	-79.8508430	229.117420
450036302	N	420035519002	2	40.3518422	-79.8548209	234.023722
450036303	N	420035519002	2	40.3520975	-79.8593488	230.207089
450036304	N	420035521002	165	40.3476919	-79.8682229	224.829760
450036305	N	420035521002	163	40.3411457	-79.8641020	224.303729
450036306	N	420035604001	68	40.4445962	-79.8897602	275.652567
450036307	N	420035604001	67	40.4445962	-79.8897602	275.652567
450037903	N	420032023003	156	40.4101494	-80.0430314	351.645247
450037904	N	420035638002	44	40.5299813	-80.1406468	353.782461
450037905	N	420034703002	282	40.3742280	-80.0859299	327.282331
450038425	N	420031208002	119	40.4589487	-79.9089128	275.191494
450038426	N	420031414004	60	40.4141302	-79.9207510	265.967826
450038427	N	420034735003	49	40.3557354	-80.0503522	319.412082
450038428	N	420034736024	22	40.3745214	-80.0732649	358.721861
450039015	N	420034150011	53	40.5786880	-79.8665640	259.035405
450039016	N	420034190001	234	40.5405937	-79.8208334	228.348156
450039242	N	420034846002	22	40.3913339	-79.9023900	291.316276
450039243	N	420034911012	77	40.3084270	-79.9476000	350.125325
450039244	N	420034912001	11	40.3283680	-79.9383070	327.454436
450039245	N	420035509001	16	40.3512076	-79.8518238	248.106233
450040296	N	420030902003	26	40.4652825	-79.9576107	273.177823
450040297	N	420031405002	9	40.4528279	-79.9053674	289.375472
450040298	N	420035623002	95	40.4072694	-79.9279524	326.684571
450040299	N	420034560042	44	40.3259874	-80.1376059	338.597182
450040300	N	420034882003	72	40.3904188	-79.8789624	349.595063
450040301	N	420035213012	89	40.4261888	-79.7572896	351.473155
450040302	N	420035213012	86	40.4294342	-79.7513536	371.061152
450041316	N	420030807002	45	40.4575396	-79.9366224	271.070519
450041317	N	420032620002	81	40.4668880	-79.9938862	335.732624
450041318	N	420035638002	39	40.5299813	-80.1406468	353.782461
450041319	N	420034912001	10	40.3044933	-79.9263091	313.385172
450041320	N	420035094001	55	40.4135170	-79.8209417	273.499688
450041321	N	420035214011	80	40.4226647	-79.7435894	326.367084
450042386	N	420032614004	39	40.4671284	-80.0099584	340.943483
450042387	N	420034070024	59	40.6015951	-79.8974719	346.101311
450042388	N	420034133001	159	40.5564590	-80.0387450	363.264626
450042389	N	420034293001	111	40.5471964	-80.0365879	353.984836
450042390	N	420034736012	140	40.3815377	-80.0590313	344.318268
450042391	N	420034751014	64	40.3491150	-80.0483321	378.142206
450046390	N	420030703002	130	40.4502300	-79.9325808	283.427264
450046391	N	420030709001	173	40.4544392	-79.9379456	274.746673
450046392	N	420031005001	41	40.4760159	-79.9343044	334.916944
450046393	N	420031113002	128	40.4702448	-79.9255475	279.405596
450046394	N	420035619001	69	40.4740878	-79.8963098	312.487845
450046395	N	420031920002	82	40.4016212	-80.0253551	350.669956
450046396	N	420034013003	38	40.6194349	-79.7434070	247.308265
450046397	N	420034070021	9	40.6072745	-79.8336627	293.033828
450046398	N	420034080012	111	40.6521055	-79.9766342	372.516162
450046399	N	420034135002	140	40.5792238	-80.0203306	355.486584
450046400	N	420034150021	21	40.5582570	-79.8876119	339.369274
450046401	N	420034323001	65	40.5056483	-80.0689177	301.376170
450046402	N	420034370002	8	40.5521550	-80.1072714	374.757469
450046403	N	420034753042	13	40.2990411	-80.0574574	364.956505
450046404	N	420034773002	181	40.3660158	-79.9690692	370.859840
450046405	N	420034980002	27	40.3245633	-79.8638777	299.317636
450046406	N	420035213021	112	40.4306005	-79.7697823	324.286496
450046407	N	420035233002	167	40.4739510	-79.8329073	327.990323
450046408	N	420035253001	124	40.5274592	-79.8361691	276.288651
450046409	N	420035261014	58	40.5232158	-79.7997961	312.477479
450046410	N	420035262022	4	40.4671388	-79.7464975	364.513206
450046411	N	420035521001	108	40.3463711	-79.8625199	238.548723
